1.702560437886387081e+04 1.118333588992248622e+02 1.041535892582397054e+02 7.970477814505613878e+01 4.816027141895182240e+01 1.023666884745893135e+01 2.228728930857975143e+01 1.169064719360657989e+01 4.066420157789734091e+00 1.663248473393590610e+00 2.619171132902405663e+00 -4.866261555552428564e-01 5.300436552414741070e-02 1.815212489426705402e-03 6.965454618337596493e-02
1.118333588992248622e+02 1.725922918531997129e+04 8.494630846518164446e+01 1.406867625663577925e+01 5.826430421958657035e+01 2.716446453207380785e+01 1.263521691713401651e+01 8.627973849444339649e+00 8.184491085739461269e+00 2.654689919552563282e+00 3.608554700509603724e-02 8.431742941263954683e-03 -5.320227751226084406e-02 -3.059851710029576691e-02 -3.842676122842772490e-02
1.041535892582397054e+02 8.494630846518164446e+01 4.382256528675838126e+03 5.679531624382367738e+01 4.648645071499436199e+01 1.816982340286881836e+01 1.424321672157100771e+01 7.995474430339700511e+00 3.300929296568360538e+00 3.623953246178014953e-01 2.804424879259690417e-01 4.885536971198075618e-01 9.088060694513519500e-02 1.057250644711614923e-01 -2.023988938420089034e-02
7.970477814505613878e+01 1.406867625663577925e+01 5.679531624382367738e+01 2.493211294803985311e+03 4.260277280456282512e+01 2.567850732631348620e+01 1.205656105831226732e+01 6.591353480898952455e+00 5.507304076667989712e+00 1.671459755286056170e+00 7.774677329137745785e-01 -2.516624180399310018e-01 1.352291939716699087e-01 -7.837243929990707347e-02 -4.423617408494507491e-02
4.816027141895182240e+01 5.826430421958657035e+01 4.648645071499436199e+01 4.260277280456282512e+01 6.987130971694285790e+02 1.660978115505509223e+01 1.125425864213252858e+01 5.711193374420041380e+00 2.105707459336410903e+00 1.119254975281780640e+00 5.135366432775952950e-01 2.785989318532145487e-01 7.365868763751966253e-02 6.790768910382065718e-03 -1.529639139294621843e-02
1.023666884745893135e+01 2.716446453207380785e+01 1.816982340286881836e+01 2.567850732631348620e+01 1.660978115505509223e+01 3.227726179958672788e+02 6.414525609134530626e+00 4.392363978333431618e+00 1.477384749126109398e+00 9.015444027446387620e-01 3.940277953701916136e-01 1.063436624212297371e-01 2.069399498230886994e-02 -2.639528633340365582e-02 -1.619081924345844303e-02
2.228728930857975143e+01 1.263521691713401651e+01 1.424321672157100771e+01 1.205656105831226732e+01 1.125425864213252858e+01 6.414525609134530626e+00 1.496511242777403368e+02 3.032275273529483339e+00 9.945588365161305289e-01 6.012968737777742989e-01 5.049698004172609167e-02 2.030479870810841525e-01 6.937705993191807530e-02 1.887986860617332785e-02 2.560167314151059331e-02
1.169064719360657989e+01 8.627973849444339649e+00 7.995474430339700511e+00 6.591353480898952455e+00 5.711193374420041380e+00 4.392363978333431618e+00 3.032275273529483339e+00 6.300528148921100069e+01 8.587597937169502149e-01 1.937433666915124586e-01 1.377455756354850902e-01 6.854433894270038283e-03 5.074294944227076415e-02 1.226708354335393977e-02 4.904064925433329440e-03
4.066420157789734091e+00 8.184491085739461269e+00 3.300929296568360538e+00 5.507304076667989712e+00 2.105707459336410903e+00 1.477384749126109398e+00 9.945588365161305289e-01 8.587597937169502149e-01 2.471344992801740403e+01 4.045667178801649611e-01 4.598139266495502447e-02 1.250159354470519249e-02 -5.160063693984487387e-03 1.969295010839014481e-02 6.753008138085018694e-03
1.663248473393590610e+00 2.654689919552563282e+00 3.623953246178014953e-01 1.671459755286056170e+00 1.119254975281780640e+00 9.015444027446387620e-01 6.012968737777742989e-01 1.937433666915124586e-01 4.045667178801649611e-01 1.018513104769680488e+01 9.418570303034499991e-02 2.943408640976690957e-02 1.365214306767396652e-03 1.022433841014806950e-02 4.787878091636769973e-03
2.619171132902405663e+00 3.608554700509603724e-02 2.804424879259690417e-01 7.774677329137745785e-01 5.135366432775952950e-01 3.940277953701916136e-01 5.049698004172609167e-02 1.377455756354850902e-01 4.598139266495502447e-02 9.418570303034499991e-02 4.086285437584061597e+00 4.204666981483982935e-02 1.471240037513446564e-02 3.966659983375270954e-03 4.458236136284658008e-03
-4.866261555552428564e-01 8.431742941263954683e-03 4.885536971198075618e-01 -2.516624180399310018e-01 2.785989318532145487e-01 1.063436624212297371e-01 2.030479870810841525e-01 6.854433894270038283e-03 1.250159354470519249e-02 2.943408640976690957e-02 4.204666981483982935e-02 1.672044150442425714e+00 2.928908149795551516e-02 1.222802335154333543e-02 1.805184892585493840e-03
5.300436552414741070e-02 -5.320227751226084406e-02 9.088060694513519500e-02 1.352291939716699087e-01 7.365868763751966253e-02 2.069399498230886994e-02 6.937705993191807530e-02 5.074294944227076415e-02 -5.160063693984487387e-03 1.365214306767396652e-03 1.471240037513446564e-02 2.928908149795551516e-02 7.160446761425899309e-01 2.316807290111812939e-02 9.712864395605334822e-03
1.815212489426705402e-03 -3.059851710029576691e-02 1.057250644711614923e-01 -7.837243929990707347e-02 6.790768910382065718e-03 -2.639528633340365582e-02 1.887986860617332785e-02 1.226708354335393977e-02 1.969295010839014481e-02 1.022433841014806950e-02 3.966659983375270954e-03 1.222802335154333543e-02 2.316807290111812939e-02 3.199619792241229499e-01 2.244625730751597173e-02
6.965454618337596493e-02 -3.842676122842772490e-02 -2.023988938420089034e-02 -4.423617408494507491e-02 -1.529639139294621843e-02 -1.619081924345844303e-02 2.560167314151059331e-02 4.904064925433329440e-03 6.753008138085018694e-03 4.787878091636769973e-03 4.458236136284658008e-03 1.805184892585493840e-03 9.712864395605334822e-03 2.244625730751597173e-02 1.547741583601911219e-01
