3.983233159307864029e+06 -6.569450473232534932e+03 4.095431730303068321e+02 -7.302862391021851636e+02 9.454885786836634907e+02 5.702955136929225546e+02 6.934683907327012093e+02 3.342418305797025937e+02 1.020604646982396559e+02 1.306078584730268588e+01 3.659183973245848431e+00 1.040520825592362897e+01 -2.053799580817263770e+00 5.132122364503327594e-01 1.733617270867886972e+00
-6.569450473232534932e+03 3.195688970709950081e+05 1.284107371433116441e+03 1.136491729556557857e+03 8.779170940959805876e+02 6.180345124633599880e+02 3.818871259717656699e+02 2.262218048128774512e+02 1.324558476140197740e+02 7.018674851794476410e+01 4.759460394571451047e+01 1.018062482744928055e+01 9.052772166333957760e-01 4.013342295850248931e+00 -2.594998471125240957e+00
4.095431730303068321e+02 1.284107371433116441e+03 3.772543606605257082e+04 9.889335364776082997e+02 7.107005360656380617e+02 5.257536746267545595e+02 3.181720576684485877e+02 2.016778002401850358e+02 9.291721897539994757e+01 4.157049336750911550e+01 2.245914376628282483e+01 4.604034012850743984e+00 3.013556622364096160e+00 7.161315010661334357e-02 -3.550363801395322039e-01
-7.302862391021851636e+02 1.136491729556557857e+03 9.889335364776082997e+02 7.186836568278261984e+04 7.473451941495812889e+02 3.776051561583889793e+02 2.255400558717565787e+02 1.476814127812702679e+02 7.859975637978402574e+01 3.897543863302115597e+01 1.818259104560462092e+01 1.026677456224471996e+01 3.412467809957093312e+00 1.784104758905711963e+00 -8.245897811590600923e-02
9.454885786836634907e+02 8.779170940959805876e+02 7.107005360656380617e+02 7.473451941495812889e+02 7.101539864700121143e+03 3.580126303167803030e+02 2.315232650456503904e+02 1.456199726497241613e+02 7.225198197000810296e+01 3.374960560858387026e+01 1.248488006105545267e+01 5.831079881583316471e+00 1.687656958118140205e+00 1.180694722538489394e+00 6.925525794834799242e-01
5.702955136929225546e+02 6.180345124633599880e+02 5.257536746267545595e+02 3.776051561583889793e+02 3.580126303167803030e+02 3.112797571924094882e+03 1.626387432720612196e+02 1.048952977792181542e+02 5.178504302846251761e+01 2.557788798359703719e+01 1.129237372023518304e+01 4.505479854183591648e+00 1.723937863728549402e+00 6.527574035793888285e-01 3.602408359717245712e-01
6.934683907327012093e+02 3.818871259717656699e+02 3.181720576684485877e+02 2.255400558717565787e+02 2.315232650456503904e+02 1.626387432720612196e+02 1.357535599176615960e+03 6.923448670029785035e+01 3.725461721918387070e+01 1.824634129197812982e+01 6.480325002509713883e+00 4.284918191729604864e+00 9.912434558090746917e-01 5.099052625025475294e-01 3.734961919238912742e-01
3.342418305797025937e+02 2.262218048128774512e+02 2.016778002401850358e+02 1.476814127812702679e+02 1.456199726497241613e+02 1.048952977792181542e+02 6.923448670029785035e+01 4.092821157090364750e+02 2.388306973588343141e+01 1.141733141800109408e+01 4.962836675533203845e+00 2.213198374517288514e+00 1.015597586000657415e+00 3.208772938114010098e-01 1.970145278174545989e-01
1.020604646982396559e+02 1.324558476140197740e+02 9.291721897539994757e+01 7.859975637978402574e+01 7.225198197000810296e+01 5.178504302846251761e+01 3.725461721918387070e+01 2.388306973588343141e+01 1.979134074975916917e+02 7.530675491968560564e+00 3.220620430180320071e+00 1.356871109929903563e+00 4.764859217766705957e-01 1.944253364168283538e-01 1.422257491265539464e-01
1.306078584730268588e+01 7.018674851794476410e+01 4.157049336750911550e+01 3.897543863302115597e+01 3.374960560858387026e+01 2.557788798359703719e+01 1.824634129197812982e+01 1.141733141800109408e+01 7.530675491968560564e+00 7.673127028893723889e+01 2.161085983625334883e+00 8.471567919468414587e-01 4.136027222221444477e-01 1.952542786919859719e-01 3.210017824246318846e-02
3.659183973245848431e+00 4.759460394571451047e+01 2.245914376628282483e+01 1.818259104560462092e+01 1.248488006105545267e+01 1.129237372023518304e+01 6.480325002509713883e+00 4.962836675533203845e+00 3.220620430180320071e+00 2.161085983625334883e+00 3.109220675798322731e+01 6.885387471609517585e-01 2.293018524404079050e-01 5.930904526742138139e-02 5.122482813278322195e-02
1.040520825592362897e+01 1.018062482744928055e+01 4.604034012850743984e+00 1.026677456224471996e+01 5.831079881583316471e+00 4.505479854183591648e+00 4.284918191729604864e+00 2.213198374517288514e+00 1.356871109929903563e+00 8.471567919468414587e-01 6.885387471609517585e-01 1.231385874433374994e+01 3.047981274099407778e-01 8.812815694996933846e-02 2.953391087798223902e-02
-2.053799580817263770e+00 9.052772166333957760e-01 3.013556622364096160e+00 3.412467809957093312e+00 1.687656958118140205e+00 1.723937863728549402e+00 9.912434558090746917e-01 1.015597586000657415e+00 4.764859217766705957e-01 4.136027222221444477e-01 2.293018524404079050e-01 3.047981274099407778e-01 5.191217285797573133e+00 1.588718474733076813e-01 6.365087474860631200e-02
5.132122364503327594e-01 4.013342295850248931e+00 7.161315010661334357e-02 1.784104758905711963e+00 1.180694722538489394e+00 6.527574035793888285e-01 5.099052625025475294e-01 3.208772938114010098e-01 1.944253364168283538e-01 1.952542786919859719e-01 5.930904526742138139e-02 8.812815694996933846e-02 1.588718474733076813e-01 2.285624588568440529e+00 1.221747813022099893e-01
1.733617270867886972e+00 -2.594998471125240957e+00 -3.550363801395322039e-01 -8.245897811590600923e-02 6.925525794834799242e-01 3.602408359717245712e-01 3.734961919238912742e-01 1.970145278174545989e-01 1.422257491265539464e-01 3.210017824246318846e-02 5.122482813278322195e-02 2.953391087798223902e-02 6.365087474860631200e-02 1.221747813022099893e-01 1.052779240189103627e+00
