8.820405840428388910e+04 1.036751915961937129e+02 5.917881710418549801e+01 3.657101562588475474e+01 4.314607847787739558e+01 5.036477148617462873e+00 8.906501673113227824e+00 2.710223174204297703e+00 7.236001336299610065e-01 -9.563338301192054747e-01 1.009053927785450222e+00 -1.555825655395324913e+00 7.610615814495552689e-01 5.083720968123948136e-01 -1.178256756480673961e-01
1.036751915961937129e+02 8.836168220897823630e+03 2.684194389560365934e+01 3.266525434877068079e+01 2.044543919749239080e+01 7.656989969231238646e+00 2.534442688051299353e+00 5.454936086852334443e-01 2.557808274405941051e-01 -3.003542770197910605e-01 -2.218437914402992400e-02 7.773378332877826091e-01 -6.139409952636273871e-02 -1.541862849959193815e-01 -3.566587863831720273e-02
5.917881710418549801e+01 2.684194389560365934e+01 2.325903926748589583e+03 2.236191608933210873e+01 1.397825442946045804e+01 8.594147003343355351e+00 6.102028874687891680e+00 2.018576711856362227e+00 1.412645359373535747e+00 3.320394967950580090e-01 1.536281730673334511e-01 8.461780256615507312e-02 -5.112036267487984897e-02 3.614577598840935241e-02 -4.618874122983981229e-02
3.657101562588475474e+01 3.266525434877068079e+01 2.236191608933210873e+01 8.923476322768360660e+02 1.302694023243801169e+01 7.018312707317964083e+00 4.813889306687888947e+00 1.909295572589146506e+00 6.230892385424460223e-01 -1.431582287842796813e-02 -2.497229088494026805e-01 -1.715767785298560610e-01 -1.060279256362730849e-01 -5.803142042119723010e-02 1.386124146521725518e-02
4.314607847787739558e+01 2.044543919749239080e+01 1.397825442946045804e+01 1.302694023243801169e+01 3.853335365319299513e+02 6.402771630721346696e+00 3.298887247037121551e+00 9.639106164164161772e-01 7.830900288654517594e-01 1.440718915351616169e-01 9.506707072879960752e-02 8.504431743228889340e-02 -4.405835255161578805e-03 3.338541385138581175e-02 2.091024622565601856e-02
5.036477148617462873e+00 7.656989969231238646e+00 8.594147003343355351e+00 7.018312707317964083e+00 6.402771630721346696e+00 1.805516663040132528e+02 1.900680016115542825e+00 1.128819522064310465e+00 3.586050871767940129e-01 2.134917685192730119e-01 1.117907881655203772e-01 9.429924298303268837e-02 5.408916318776888291e-03 2.708336081714612237e-02 -1.703280953469006598e-02
8.906501673113227824e+00 2.534442688051299353e+00 6.102028874687891680e+00 4.813889306687888947e+00 3.298887247037121551e+00 1.900680016115542825e+00 5.740801755534863560e+01 4.072209316048940320e-01 2.717554981275430159e-01 1.793698234985608153e-01 7.899642433509057593e-02 1.255675065189000919e-02 3.820101573513058624e-02 1.438737918731550040e-02 -8.140410814106472607e-04
2.710223174204297703e+00 5.454936086852334443e-01 2.018576711856362227e+00 1.909295572589146506e+00 9.639106164164161772e-01 1.128819522064310465e+00 4.072209316048940320e-01 2.564736214928669966e+01 2.129978445117178820e-01 5.884268083105175656e-02 -3.260755752085103994e-03 -1.247137288530365123e-03 3.872078296532265040e-03 1.288943799852559219e-02 4.782358402465909999e-03
7.236001336299610065e-01 2.557808274405941051e-01 1.412645359373535747e+00 6.230892385424460223e-01 7.830900288654517594e-01 3.586050871767940129e-01 2.717554981275430159e-01 2.129978445117178820e-01 1.041316421515907820e+01 9.157072830099075023e-02 3.148619585727991527e-02 1.963480889322925457e-02 3.263297099065777789e-03 5.613393121885670335e-03 1.966054878682934313e-04
-9.563338301192054747e-01 -3.003542770197910605e-01 3.320394967950580090e-01 -1.431582287842796813e-02 1.440718915351616169e-01 2.134917685192730119e-01 1.793698234985608153e-01 5.884268083105175656e-02 9.157072830099075023e-02 4.335609940888430103e+00 2.643158585437437383e-02 9.208939252501144312e-03 8.362710443117798292e-03 -4.493888311586616453e-03 6.841797386011494626e-04
1.009053927785450222e+00 -2.218437914402992400e-02 1.536281730673334511e-01 -2.497229088494026805e-01 9.506707072879960752e-02 1.117907881655203772e-01 7.899642433509057593e-02 -3.260755752085103994e-03 3.148619585727991527e-02 2.643158585437437383e-02 1.736739694288004232e+00 2.165067763725281313e-02 6.530809563543970436e-03 4.132613206599961356e-03 1.132507449571681576e-03
-1.555825655395324913e+00 7.773378332877826091e-01 8.461780256615507312e-02 -1.715767785298560610e-01 8.504431743228889340e-02 9.429924298303268837e-02 1.255675065189000919e-02 -1.247137288530365123e-03 1.963480889322925457e-02 9.208939252501144312e-03 2.165067763725281313e-02 7.268474611633664040e-01 1.154039035365193692e-02 5.357692648344181130e-03 9.984403529401395319e-04
7.610615814495552689e-01 -6.139409952636273871e-02 -5.112036267487984897e-02 -1.060279256362730849e-01 -4.405835255161578805e-03 5.408916318776888291e-03 3.820101573513058624e-02 3.872078296532265040e-03 3.263297099065777789e-03 8.362710443117798292e-03 6.530809563543970436e-03 1.154039035365193692e-02 3.090322005190354604e-01 1.010815108654847423e-02 2.752306160130968751e-03
5.083720968123948136e-01 -1.541862849959193815e-01 3.614577598840935241e-02 -5.803142042119723010e-02 3.338541385138581175e-02 2.708336081714612237e-02 1.438737918731550040e-02 1.288943799852559219e-02 5.613393121885670335e-03 -4.493888311586616453e-03 4.132613206599961356e-03 5.357692648344181130e-03 1.010815108654847423e-02 1.371082200676915497e-01 8.338987726941332612e-03
-1.178256756480673961e-01 -3.566587863831720273e-02 -4.618874122983981229e-02 1.386124146521725518e-02 2.091024622565601856e-02 -1.703280953469006598e-02 -8.140410814106472607e-04 4.782358402465909999e-03 1.966054878682934313e-04 6.841797386011494626e-04 1.132507449571681576e-03 9.984403529401395319e-04 2.752306160130968751e-03 8.338987726941332612e-03 6.528644599919822267e-02
