1.089257813819938565e+04 3.727860120537480526e+01 2.654375556710590800e+01 3.378245802279875676e+01 1.838742242796388027e+01 8.531771458693231835e+00 3.520545379645517947e+00 9.000488407012332548e-01 9.416127953035146048e-01 3.632279648335255962e-01 -1.332905662829469706e-01 6.368307474230299262e-03 -1.338099822614884360e-01 -5.289656636185918054e-02 2.113397284624917230e-02
3.727860120537480526e+01 2.489257904681094715e+03 3.191320159565121628e+01 1.766733235174414318e+01 1.257188336692744457e+01 6.179262980965055441e+00 4.124967227395656799e+00 1.536140368980613680e+00 7.729220339260256534e-01 2.109169593447062785e-01 1.846864498894346951e-01 6.951742508996500147e-02 2.520352327520304636e-02 1.982606329557390357e-02 -2.367643758658342229e-02
2.654375556710590800e+01 3.191320159565121628e+01 8.299853769844318094e+02 1.644191049237559454e+01 1.013254410265239081e+01 7.380800074429077817e+00 3.045883526881003611e+00 1.971452343290196696e+00 8.061610559867492531e-01 4.125442316012841171e-01 8.554824986013603860e-02 9.228975914791577584e-02 8.232679221643256218e-02 1.683913744187439526e-02 1.956022284256592539e-02
3.378245802279875676e+01 1.766733235174414318e+01 1.644191049237559454e+01 3.349154259183534919e+02 8.776720241732514083e+00 5.170878595610405526e+00 3.111664309859308197e+00 1.390194856357056752e+00 7.803029665927342373e-01 1.413079433544638386e-01 8.981220595756519987e-02 7.913900398524733801e-03 2.838121717432023211e-02 -1.229084814744378596e-03 1.432882854143861101e-02
1.838742242796388027e+01 1.257188336692744457e+01 1.013254410265239081e+01 8.776720241732514083e+00 1.666447871096195001e+02 3.695236509561701688e+00 2.107099447795544478e+00 1.025616688612998928e+00 6.093331571332490926e-01 1.991783576510139930e-01 4.957474361882797248e-02 4.808224803351180549e-02 1.347065225485566571e-02 1.006987316784945657e-02 -9.634555246337613010e-03
8.531771458693231835e+00 6.179262980965055441e+00 7.380800074429077817e+00 5.170878595610405526e+00 3.695236509561701688e+00 6.531336027066531358e+01 1.671769801328402805e+00 8.891355184079660079e-01 4.050567328323680938e-01 1.903748000838221266e-01 5.502835829168663262e-02 1.529719069325099524e-02 1.142685668329460405e-02 -7.237036665593920767e-03 4.244381746261571831e-03
3.520545379645517947e+00 4.124967227395656799e+00 3.045883526881003611e+00 3.111664309859308197e+00 2.107099447795544478e+00 1.671769801328402805e+00 2.745963106908600437e+01 5.824314283394989022e-01 2.197067601621088828e-01 3.104954738004842701e-02 5.848623084294870406e-02 1.170368359643797831e-02 4.232884546745163158e-03 1.816264816484876180e-03 -1.976970239992549094e-04
9.000488407012332548e-01 1.536140368980613680e+00 1.971452343290196696e+00 1.390194856357056752e+00 1.025616688612998928e+00 8.891355184079660079e-01 5.824314283394989022e-01 1.057974491497053116e+01 2.071047814964950273e-01 5.731178515360162845e-02 3.596015075416565676e-02 1.439344896311592348e-02 5.554179167275628479e-03 2.658514846917709850e-03 9.818233681557007983e-06
9.416127953035146048e-01 7.729220339260256534e-01 8.061610559867492531e-01 7.803029665927342373e-01 6.093331571332490926e-01 4.050567328323680938e-01 2.197067601621088828e-01 2.071047814964950273e-01 4.313106440728765811e+00 7.461064805666067778e-02 1.863996773737262164e-02 4.673965480337400474e-03 1.965435051883302961e-03 5.716671025219152063e-04 2.353919172173149325e-03
3.632279648335255962e-01 2.109169593447062785e-01 4.125442316012841171e-01 1.413079433544638386e-01 1.991783576510139930e-01 1.903748000838221266e-01 3.104954738004842701e-02 5.731178515360162845e-02 7.461064805666067778e-02 1.792125411645855815e+00 2.492739567546296137e-02 9.869168620589882646e-03 4.042084933361989735e-03 1.233630896024897608e-03 1.091954304040351938e-05
-1.332905662829469706e-01 1.846864498894346951e-01 8.554824986013603860e-02 8.981220595756519987e-02 4.957474361882797248e-02 5.502835829168663262e-02 5.848623084294870406e-02 3.596015075416565676e-02 1.863996773737262164e-02 2.492739567546296137e-02 7.280837070192712757e-01 1.393460108313033206e-02 2.917786324732949202e-03 1.960574461573095367e-03 6.570946580839189498e-04
6.368307474230299262e-03 6.951742508996500147e-02 9.228975914791577584e-02 7.913900398524733801e-03 4.808224803351180549e-02 1.529719069325099524e-02 1.170368359643797831e-02 1.439344896311592348e-02 4.673965480337400474e-03 9.869168620589882646e-03 1.393460108313033206e-02 3.069659464536169113e-01 9.179027091176098982e-03 2.988604333814867849e-03 9.899555471021568090e-04
-1.338099822614884360e-01 2.520352327520304636e-02 8.232679221643256218e-02 2.838121717432023211e-02 1.347065225485566571e-02 1.142685668329460405e-02 4.232884546745163158e-03 5.554179167275628479e-03 1.965435051883302961e-03 4.042084933361989735e-03 2.917786324732949202e-03 9.179027091176098982e-03 1.354909589109611068e-01 7.290256124971602678e-03 2.098660020550443314e-03
-5.289656636185918054e-02 1.982606329557390357e-02 1.683913744187439526e-02 -1.229084814744378596e-03 1.006987316784945657e-02 -7.237036665593920767e-03 1.816264816484876180e-03 2.658514846917709850e-03 5.716671025219152063e-04 1.233630896024897608e-03 1.960574461573095367e-03 2.988604333814867849e-03 7.290256124971602678e-03 6.222398272679227627e-02 6.126384154773036744e-03
2.113397284624917230e-02 -2.367643758658342229e-02 1.956022284256592539e-02 1.432882854143861101e-02 -9.634555246337613010e-03 4.244381746261571831e-03 -1.976970239992549094e-04 9.818233681557007983e-06 2.353919172173149325e-03 1.091954304040351938e-05 6.570946580839189498e-04 9.899555471021568090e-04 2.098660020550443314e-03 6.126384154773036744e-03 3.172554665761861264e-02
