1.046234990633880496e+09 1.141876894942124272e+04 -5.242349270619650270e+03 1.550571136394929226e+03 5.417486889169198548e+03 3.831274642703391237e+03 -2.376681598675619611e+01 -7.398997352433215156e+02 -4.043272278534357156e+02 3.048934349803728310e+02 1.494863673499855565e+02 1.003113613602362619e+02 -1.443448336742497418e+02 -8.802064794552906335e+01 4.965806198025622109e+01
1.141876894942124272e+04 9.563217359676711203e+04 3.176302198559374688e+02 3.176880119453478528e+02 2.917542685294954481e+02 1.221917613893437391e+02 8.799769914820065253e+01 6.013102936997213277e+01 3.647039535655699183e+01 4.987008880806231836e+00 6.581235159522699441e+00 1.012649295654309833e+00 -2.775767551338408912e-01 4.608945366663960153e-01 9.919605436669999277e-01
-5.242349270619650270e+03 3.176302198559374688e+02 1.397300370775021656e+04 3.175551394334702309e+02 1.903232412657729640e+02 1.280205921578780135e+02 6.581820896269508125e+01 4.325951315434404876e+01 1.786801557438750976e+01 1.205904963021768239e+01 2.091468928763252855e+00 -9.073251343346312725e-02 9.382956675374540811e-01 1.452347166906630127e+00 4.817245325909494946e-01
1.550571136394929226e+03 3.176880119453478528e+02 3.175551394334702309e+02 6.135675227606079716e+03 1.710909432479398902e+02 1.205353986475197985e+02 5.412724706455056634e+01 3.495533711506305252e+01 1.943011061989467336e+01 8.846174613277433707e+00 3.719960976412969966e+00 1.924205757280626594e+00 1.379343073533319419e+00 4.351514922966362997e-01 1.384632945533086079e-01
5.417486889169198548e+03 2.917542685294954481e+02 1.903232412657729640e+02 1.710909432479398902e+02 2.600308925754083702e+03 9.597644342629574510e+01 6.042867801208281975e+01 3.359528113574681640e+01 1.688739575190366793e+01 7.820346383602071683e+00 3.442765118309467187e+00 1.591392672037318823e+00 1.214938459472476806e+00 2.770534999663716857e-01 4.137544448007025866e-02
3.831274642703391237e+03 1.221917613893437391e+02 1.280205921578780135e+02 1.205353986475197985e+02 9.597644342629574510e+01 1.215664688865444305e+03 4.282029047440099134e+01 2.630882022973984746e+01 1.260199747794817604e+01 5.228160808479384691e+00 2.907176119319920371e+00 5.589362302114391223e-01 3.964105805645830038e-01 3.633937999980159095e-01 4.890819440878452912e-03
-2.376681598675619611e+01 8.799769914820065253e+01 6.581820896269508125e+01 5.412724706455056634e+01 6.042867801208281975e+01 4.282029047440099134e+01 5.552027616263319487e+02 1.637919419263665333e+01 8.423996239987824097e+00 4.161775343750933054e+00 1.390837681575424645e+00 6.765139970675606573e-01 3.802397544781055960e-01 1.332459481104801280e-01 4.819848283775846065e-02
-7.398997352433215156e+02 6.013102936997213277e+01 4.325951315434404876e+01 3.495533711506305252e+01 3.359528113574681640e+01 2.630882022973984746e+01 1.637919419263665333e+01 1.876232407915553608e+02 5.391927797928019572e+00 2.052184852591775854e+00 9.330879083466769863e-01 6.830820703224090851e-01 1.457316160835073204e-01 1.279807148403620809e-01 4.076580267028979271e-02
-4.043272278534357156e+02 3.647039535655699183e+01 1.786801557438750976e+01 1.943011061989467336e+01 1.688739575190366793e+01 1.260199747794817604e+01 8.423996239987824097e+00 5.391927797928019572e+00 8.651205961204674111e+01 1.888824126164492245e+00 6.365563261633051528e-01 2.336548927516879370e-01 8.774648172582543218e-03 4.490628991270665532e-02 3.548539062500578184e-02
3.048934349803728310e+02 4.987008880806231836e+00 1.205904963021768239e+01 8.846174613277433707e+00 7.820346383602071683e+00 5.228160808479384691e+00 4.161775343750933054e+00 2.052184852591775854e+00 1.888824126164492245e+00 3.545375325364835106e+01 5.789346997464097644e-01 1.582974723847714316e-01 7.070635584463499934e-02 3.496659604509693570e-02 4.256735796578109410e-02
1.494863673499855565e+02 6.581235159522699441e+00 2.091468928763252855e+00 3.719960976412969966e+00 3.442765118309467187e+00 2.907176119319920371e+00 1.390837681575424645e+00 9.330879083466769863e-01 6.365563261633051528e-01 5.789346997464097644e-01 1.382330288021097786e+01 2.283633544460553222e-01 7.510635904709034305e-02 2.817109850448451178e-02 8.309272210456606494e-03
1.003113613602362619e+02 1.012649295654309833e+00 -9.073251343346312725e-02 1.924205757280626594e+00 1.591392672037318823e+00 5.589362302114391223e-01 6.765139970675606573e-01 6.830820703224090851e-01 2.336548927516879370e-01 1.582974723847714316e-01 2.283633544460553222e-01 5.818363948219152704e+00 1.222306833216916661e-01 3.622077576495905116e-02 1.701488567593502713e-02
-1.443448336742497418e+02 -2.775767551338408912e-01 9.382956675374540811e-01 1.379343073533319419e+00 1.214938459472476806e+00 3.964105805645830038e-01 3.802397544781055960e-01 1.457316160835073204e-01 8.774648172582543218e-03 7.070635584463499934e-02 7.510635904709034305e-02 1.222306833216916661e-01 2.443516358070871863e+00 7.947065291745614157e-02 1.732511612048472094e-02
-8.802064794552906335e+01 4.608945366663960153e-01 1.452347166906630127e+00 4.351514922966362997e-01 2.770534999663716857e-01 3.633937999980159095e-01 1.332459481104801280e-01 1.279807148403620809e-01 4.490628991270665532e-02 3.496659604509693570e-02 2.817109850448451178e-02 3.622077576495905116e-02 7.947065291745614157e-02 1.096042463553271507e+00 5.765074606860681045e-02
4.965806198025622109e+01 9.919605436669999277e-01 4.817245325909494946e-01 1.384632945533086079e-01 4.137544448007025866e-02 4.890819440878452912e-03 4.819848283775846065e-02 4.076580267028979271e-02 3.548539062500578184e-02 4.256735796578109410e-02 8.309272210456606494e-03 1.701488567593502713e-02 1.732511612048472094e-02 5.765074606860681045e-02 5.034031967147618580e-01
