2.963888181992956743e+04 6.719320293203632843e+01 9.982456598553774541e+01 4.574439071957676362e+01 6.205594884026388058e+01 2.340276757236223304e+01 1.311920389253056207e+01 7.988495583759954499e+00 2.687683098152286565e+00 8.266113463777736703e-01 9.027982234425064867e-01 -2.289314280288052006e-01 3.283876435828679552e-02 3.185612216925855222e-02 -7.919616713785694595e-02
6.719320293203632843e+01 6.012158496209861369e+03 6.371416070500471562e+01 4.824463452232085814e+01 3.297261125536753212e+01 2.380275906883781900e+01 1.342490037061415542e+01 7.289497872458582606e+00 3.567450567054193833e+00 2.860492556897253902e-01 2.259057576406486578e-01 1.323823449866955437e-01 4.123699378207907329e-01 -1.024784649800649511e-02 -3.485972745696861580e-02
9.982456598553774541e+01 6.371416070500471562e+01 2.888511758854047457e+03 4.502301338595182756e+01 3.482845293747551096e+01 2.246318651905368924e+01 1.376288186090869203e+01 8.159289434271601138e+00 3.905881236836936665e+00 1.166261454505405304e+00 6.837878985463793358e-01 5.409693373431083419e-02 1.937117200360109759e-01 4.599441300512635555e-02 4.524066980201622845e-02
4.574439071957676362e+01 4.824463452232085814e+01 4.502301338595182756e+01 8.842069883525916794e+02 2.968845544501078138e+01 1.940319699848636859e+01 1.075790596378161901e+01 5.481710307585857755e+00 2.946015660478014997e+00 1.174405561816487031e+00 3.429975438215572825e-01 4.050523793882773727e-01 -1.856633201745555919e-02 1.058896265111254793e-02 7.319863471443000761e-04
6.205594884026388058e+01 3.297261125536753212e+01 3.482845293747551096e+01 2.968845544501078138e+01 3.407370989105855870e+02 1.459136810800294626e+01 9.037879152602624089e+00 4.582188674711839660e+00 2.297091461989220207e+00 1.107343326946980788e+00 4.991568686211107497e-01 1.061324735128658797e-01 5.462553081510065217e-02 -2.228197359114553536e-02 1.408036348659832959e-02
2.340276757236223304e+01 2.380275906883781900e+01 2.246318651905368924e+01 1.940319699848636859e+01 1.459136810800294626e+01 1.553155700026505031e+02 6.172035275944364408e+00 3.303591530064228010e+00 1.437298889735390661e+00 6.069063117556137144e-01 2.709504524599821718e-01 5.498527106581749258e-02 4.370307444598959395e-02 2.633919332413492756e-02 1.227148118291816227e-02
1.311920389253056207e+01 1.342490037061415542e+01 1.376288186090869203e+01 1.075790596378161901e+01 9.037879152602624089e+00 6.172035275944364408e+00 6.227756997928579352e+01 2.135188763911401555e+00 9.623746479486449124e-01 4.630736194733232614e-01 2.197359672962746202e-01 9.503197398880416924e-02 2.776335342173006510e-02 1.626179858303273065e-02 6.308566325955313782e-03
7.988495583759954499e+00 7.289497872458582606e+00 8.159289434271601138e+00 5.481710307585857755e+00 4.582188674711839660e+00 3.303591530064228010e+00 2.135188763911401555e+00 2.334461523879305389e+01 6.551737016404193259e-01 2.667880108191280630e-01 1.384528057557748437e-01 5.703182044302532866e-02 2.859635454676293098e-02 6.013409594225651265e-03 4.827619463254900593e-03
2.687683098152286565e+00 3.567450567054193833e+00 3.905881236836936665e+00 2.946015660478014997e+00 2.297091461989220207e+00 1.437298889735390661e+00 9.623746479486449124e-01 6.551737016404193259e-01 9.536063703547462467e+00 2.030910907781064978e-01 9.358788959311607758e-02 2.546034076716184591e-02 1.919563872522261211e-02 7.616049032839735007e-03 3.873833767753452530e-03
8.266113463777736703e-01 2.860492556897253902e-01 1.166261454505405304e+00 1.174405561816487031e+00 1.107343326946980788e+00 6.069063117556137144e-01 4.630736194733232614e-01 2.667880108191280630e-01 2.030910907781064978e-01 3.938881729119833697e+00 7.070194145545241615e-02 1.835169721932299394e-02 7.668326267409529898e-03 3.766310235632464205e-03 3.273596274190616103e-03
9.027982234425064867e-01 2.259057576406486578e-01 6.837878985463793358e-01 3.429975438215572825e-01 4.991568686211107497e-01 2.709504524599821718e-01 2.197359672962746202e-01 1.384528057557748437e-01 9.358788959311607758e-02 7.070194145545241615e-02 1.621146096746000076e+00 3.543717665676156259e-02 1.245819691029262377e-02 4.720704348183831639e-03 1.942556621613113210e-03
-2.289314280288052006e-01 1.323823449866955437e-01 5.409693373431083419e-02 4.050523793882773727e-01 1.061324735128658797e-01 5.498527106581749258e-02 9.503197398880416924e-02 5.703182044302532866e-02 2.546034076716184591e-02 1.835169721932299394e-02 3.543717665676156259e-02 6.909789666500985028e-01 2.076484913727600842e-02 7.085109848367137850e-03 2.851793459816454046e-03
3.283876435828679552e-02 4.123699378207907329e-01 1.937117200360109759e-01 -1.856633201745555919e-02 5.462553081510065217e-02 4.370307444598959395e-02 2.776335342173006510e-02 2.859635454676293098e-02 1.919563872522261211e-02 7.668326267409529898e-03 1.245819691029262377e-02 2.076484913727600842e-02 2.987487942794803675e-01 1.600438497786880326e-02 5.338936321212980549e-03
3.185612216925855222e-02 -1.024784649800649511e-02 4.599441300512635555e-02 1.058896265111254793e-02 -2.228197359114553536e-02 2.633919332413492756e-02 1.626179858303273065e-02 6.013409594225651265e-03 7.616049032839735007e-03 3.766310235632464205e-03 4.720704348183831639e-03 7.085109848367137850e-03 1.600438497786880326e-02 1.372465774903228186e-01 1.313085306732014561e-02
-7.919616713785694595e-02 -3.485972745696861580e-02 4.524066980201622845e-02 7.319863471443000761e-04 1.408036348659832959e-02 1.227148118291816227e-02 6.308566325955313782e-03 4.827619463254900593e-03 3.873833767753452530e-03 3.273596274190616103e-03 1.942556621613113210e-03 2.851793459816454046e-03 5.338936321212980549e-03 1.313085306732014561e-02 6.910073410069171584e-02
