4.597028862202288583e+05 -6.582850135824452309e+02 6.572200536272636100e+02 4.871169584930346446e+02 3.138375192508468103e+02 2.020118232055639567e+02 1.505990429690418182e+02 3.921962151678331310e+01 2.712410887474041488e+01 1.475109364573001436e+01 7.748897442048084727e+00 -3.368702856157756997e+00 2.451593614977917390e+00 -7.318616106553009759e-01 1.237921208195934097e+00
-6.582850135824452309e+02 1.711598722011202481e+05 7.178473195250704748e+02 5.440050439175601014e+02 3.947829886474208934e+02 2.293646846529342724e+02 1.852922806389807988e+02 9.889469650941367718e+01 4.309505658042467502e+01 2.069150463659119055e+01 1.027159946982655292e+01 1.734102890782817097e+00 2.418649985793726032e+00 -1.716196327297840052e-01 5.250705158213405666e-01
6.572200536272636100e+02 7.178473195250704748e+02 2.967091183860642923e+04 4.209771723289180727e+02 3.690074837562533503e+02 2.235260329513792783e+02 1.301604582383309321e+02 7.147413078608072112e+01 3.900118120675646338e+01 1.705446824477992607e+01 7.532409615000098313e+00 7.914999512655931380e-01 3.254276675414035092e-01 1.005935933385583569e-01 2.631866827165447731e-01
4.871169584930346446e+02 5.440050439175601014e+02 4.209771723289180727e+02 4.078382899117762918e+03 3.078787807437951187e+02 2.083014030822554616e+02 1.341844956066105112e+02 7.482237270123587791e+01 3.805677517088877693e+01 1.574971437319087997e+01 6.921846428288684905e+00 3.130938741292232042e+00 1.437522204309485740e+00 6.131839990291564346e-01 1.493098294416715932e-01
3.138375192508468103e+02 3.947829886474208934e+02 3.690074837562533503e+02 3.078787807437951187e+02 1.636429877313134511e+03 1.730637907938298667e+02 1.094208829785058299e+02 6.070530878934087582e+01 3.222953037111356167e+01 1.540809188741219948e+01 6.633480371274235843e+00 2.559853193212725309e+00 1.039150457161532648e+00 4.193583879138013115e-01 9.450900769681228053e-02
2.020118232055639567e+02 2.293646846529342724e+02 2.235260329513792783e+02 2.083014030822554616e+02 1.730637907938298667e+02 6.372042565347170466e+02 8.221018902284352237e+01 4.777424000168652896e+01 2.353732420730619523e+01 1.121530726022469082e+01 5.015656290581799404e+00 2.049045485729505511e+00 9.022896742402978232e-01 3.042127203692732706e-01 1.468300085717334225e-01
1.505990429690418182e+02 1.852922806389807988e+02 1.301604582383309321e+02 1.341844956066105112e+02 1.094208829785058299e+02 8.221018902284352237e+01 3.247871296631966516e+02 3.233712883398002447e+01 1.753752227400925534e+01 7.579423933510642364e+00 3.665430701605534747e+00 1.540464021635891356e+00 5.167321855695216071e-01 2.052199125862916862e-01 1.113413416167241127e-01
3.921962151678331310e+01 9.889469650941367718e+01 7.147413078608072112e+01 7.482237270123587791e+01 6.070530878934087582e+01 4.777424000168652896e+01 3.233712883398002447e+01 1.209311012194419845e+02 1.141083428004635358e+01 4.977057275080484899e+00 2.267869965377641517e+00 1.029422434574586598e+00 4.181337827699100895e-01 2.000710345464908613e-01 8.549252124168005285e-02
2.712410887474041488e+01 4.309505658042467502e+01 3.900118120675646338e+01 3.805677517088877693e+01 3.222953037111356167e+01 2.353732420730619523e+01 1.753752227400925534e+01 1.141083428004635358e+01 4.950174178317507057e+01 3.144936140891037457e+00 1.463073612757821440e+00 5.834281419554340209e-01 2.267218047689456006e-01 1.241146786070855684e-01 4.750062526098539767e-02
1.475109364573001436e+01 2.069150463659119055e+01 1.705446824477992607e+01 1.574971437319087997e+01 1.540809188741219948e+01 1.121530726022469082e+01 7.579423933510642364e+00 4.977057275080484899e+00 3.144936140891037457e+00 1.995795880459598948e+01 8.468721944537160873e-01 3.727718650834516700e-01 1.273218429551550290e-01 7.492890893262971197e-02 3.083403596410682485e-02
7.748897442048084727e+00 1.027159946982655292e+01 7.532409615000098313e+00 6.921846428288684905e+00 6.633480371274235843e+00 5.015656290581799404e+00 3.665430701605534747e+00 2.267869965377641517e+00 1.463073612757821440e+00 8.468721944537160873e-01 7.836916195725526890e+00 3.054861688680049481e-01 1.011765156782332420e-01 4.483241810584772530e-02 1.636617725462237438e-02
-3.368702856157756997e+00 1.734102890782817097e+00 7.914999512655931380e-01 3.130938741292232042e+00 2.559853193212725309e+00 2.049045485729505511e+00 1.540464021635891356e+00 1.029422434574586598e+00 5.834281419554340209e-01 3.727718650834516700e-01 3.054861688680049481e-01 3.203276488292988056e+00 1.239193096229076196e-01 4.354669858656497888e-02 1.859142848973494716e-02
2.451593614977917390e+00 2.418649985793726032e+00 3.254276675414035092e-01 1.437522204309485740e+00 1.039150457161532648e+00 9.022896742402978232e-01 5.167321855695216071e-01 4.181337827699100895e-01 2.267218047689456006e-01 1.273218429551550290e-01 1.011765156782332420e-01 1.239193096229076196e-01 1.346186227444420513e+00 7.342034333038413574e-02 1.995628895292437047e-02
-7.318616106553009759e-01 -1.716196327297840052e-01 1.005935933385583569e-01 6.131839990291564346e-01 4.193583879138013115e-01 3.042127203692732706e-01 2.052199125862916862e-01 2.000710345464908613e-01 1.241146786070855684e-01 7.492890893262971197e-02 4.483241810584772530e-02 4.354669858656497888e-02 7.342034333038413574e-02 6.092916546448957638e-01 4.820735943473042351e-02
1.237921208195934097e+00 5.250705158213405666e-01 2.631866827165447731e-01 1.493098294416715932e-01 9.450900769681228053e-02 1.468300085717334225e-01 1.113413416167241127e-01 8.549252124168005285e-02 4.750062526098539767e-02 3.083403596410682485e-02 1.636617725462237438e-02 1.859142848973494716e-02 1.995628895292437047e-02 4.820735943473042351e-02 2.981121373934462193e-01
