3.742953431373598869e+04 4.078388154477943885e+02 3.246475616480342410e+02 2.948336793742899431e+02 1.805539146381082105e+02 1.411566330546207837e+02 6.552751059922078980e+01 3.371945336437256202e+01 2.011275732148784101e+01 1.515762588357275176e+00 2.998320054876489671e+00 9.153020967349874137e-01 9.659166544398805065e-01 -5.395422664320918132e-02 -5.191920237674596539e-01
4.078388154477943885e+02 2.085099599505220976e+04 2.555621764313945050e+02 2.467442487163932014e+02 2.300961577993622313e+02 1.161098285177692162e+02 7.140497336862222255e+01 4.431554201535578130e+01 1.445033827165238627e+01 8.931303501264602929e+00 2.317681286954758502e+00 1.006578911358184003e+00 4.659095060958204360e-01 9.638884586123026843e-02 2.954350988179543225e-01
3.246475616480342410e+02 2.555621764313945050e+02 8.214694636400055970e+03 2.123960460847458762e+02 1.702675860469517488e+02 1.059444474130170164e+02 6.747257280045948846e+01 3.347339663476091687e+01 1.890786765652027057e+01 7.172834320330358615e+00 3.351241339741537484e+00 1.252384857614708080e+00 5.302909649833136285e-01 1.980959689657573186e-01 1.047681680184692488e-01
2.948336793742899431e+02 2.467442487163932014e+02 2.123960460847458762e+02 3.962501116513734814e+03 1.498252253775400504e+02 9.272412617146942182e+01 5.573464965217041822e+01 2.815219520506715156e+01 1.504862647964246491e+01 6.440727797350098704e+00 3.362974521934342320e+00 1.130256852056346073e+00 2.605780476978403204e-01 3.285955871083552360e-01 3.096132456094824459e-01
1.805539146381082105e+02 2.300961577993622313e+02 1.702675860469517488e+02 1.498252253775400504e+02 1.355211780135565277e+03 8.087792347098542223e+01 4.720983023305754500e+01 2.610849797048045318e+01 1.301124739485452864e+01 4.964485276098719702e+00 3.110561694894338647e+00 8.301719552653100687e-01 2.916405705931049974e-01 3.255439930078782851e-01 1.296611503102093610e-01
1.411566330546207837e+02 1.161098285177692162e+02 1.059444474130170164e+02 9.272412617146942182e+01 8.087792347098542223e+01 6.234697023840259362e+02 3.346916265340809815e+01 1.979155987012865836e+01 9.795079713432290447e+00 4.612004165701423020e+00 1.956894978620501435e+00 8.595953295718048448e-01 3.670831868130112752e-01 1.182258618178011200e-01 8.805339427299320454e-02
6.552751059922078980e+01 7.140497336862222255e+01 6.747257280045948846e+01 5.573464965217041822e+01 4.720983023305754500e+01 3.346916265340809815e+01 2.181511893247084686e+02 1.295544415951948558e+01 6.352668981411606630e+00 3.191724583357442580e+00 1.273064932069299937e+00 4.856511609565110077e-01 1.239848126498229730e-01 1.304136526975776533e-01 -4.600344868314687648e-03
3.371945336437256202e+01 4.431554201535578130e+01 3.347339663476091687e+01 2.815219520506715156e+01 2.610849797048045318e+01 1.979155987012865836e+01 1.295544415951948558e+01 9.368226003883835062e+01 4.010415314229554440e+00 1.898166048406952688e+00 9.391455242855624164e-01 3.178443707502405791e-01 9.984677025190770439e-02 1.050984609753906063e-01 4.537537659607071561e-02
2.011275732148784101e+01 1.445033827165238627e+01 1.890786765652027057e+01 1.504862647964246491e+01 1.301124739485452864e+01 9.795079713432290447e+00 6.352668981411606630e+00 4.010415314229554440e+00 3.623460558205896120e+01 1.105583149735209103e+00 5.429654025535783912e-01 1.928782310725418447e-01 5.841994327236670753e-02 2.884759114427171145e-02 2.554729055464454238e-02
1.515762588357275176e+00 8.931303501264602929e+00 7.172834320330358615e+00 6.440727797350098704e+00 4.964485276098719702e+00 4.612004165701423020e+00 3.191724583357442580e+00 1.898166048406952688e+00 1.105583149735209103e+00 1.500164196969300257e+01 4.213868353706335945e-01 1.498674083687589753e-01 4.790109040123426837e-02 3.567657808247223783e-02 1.652348643450124097e-02
2.998320054876489671e+00 2.317681286954758502e+00 3.351241339741537484e+00 3.362974521934342320e+00 3.110561694894338647e+00 1.956894978620501435e+00 1.273064932069299937e+00 9.391455242855624164e-01 5.429654025535783912e-01 4.213868353706335945e-01 6.100829642199514957e+00 1.551397326060720838e-01 4.778558459180463902e-02 1.730960785331183555e-02 8.406031642636742005e-03
9.153020967349874137e-01 1.006578911358184003e+00 1.252384857614708080e+00 1.130256852056346073e+00 8.301719552653100687e-01 8.595953295718048448e-01 4.856511609565110077e-01 3.178443707502405791e-01 1.928782310725418447e-01 1.498674083687589753e-01 1.551397326060720838e-01 2.548679428415492776e+00 8.352761380781445477e-02 1.707294090711435064e-02 9.227351955479686646e-03
9.659166544398805065e-01 4.659095060958204360e-01 5.302909649833136285e-01 2.605780476978403204e-01 2.916405705931049974e-01 3.670831868130112752e-01 1.239848126498229730e-01 9.984677025190770439e-02 5.841994327236670753e-02 4.790109040123426837e-02 4.778558459180463902e-02 8.352761380781445477e-02 1.113889883366461442e+00 5.441007813674412358e-02 1.563426839500197535e-02
-5.395422664320918132e-02 9.638884586123026843e-02 1.980959689657573186e-01 3.285955871083552360e-01 3.255439930078782851e-01 1.182258618178011200e-01 1.304136526975776533e-01 1.050984609753906063e-01 2.884759114427171145e-02 3.567657808247223783e-02 1.730960785331183555e-02 1.707294090711435064e-02 5.441007813674412358e-02 5.013316581972731001e-01 3.608915646134047001e-02
-5.191920237674596539e-01 2.954350988179543225e-01 1.047681680184692488e-01 3.096132456094824459e-01 1.296611503102093610e-01 8.805339427299320454e-02 -4.600344868314687648e-03 4.537537659607071561e-02 2.554729055464454238e-02 1.652348643450124097e-02 8.406031642636742005e-03 9.227351955479686646e-03 1.563426839500197535e-02 3.608915646134047001e-02 2.426347862687714130e-01
