2.558843210282235668e+04 1.358389193761432523e+02 9.725318325553604382e+01 6.426513410070428733e+01 6.339922677827714637e+01 3.210759660918614600e+01 2.161830173550566414e+01 7.729269855992542126e+00 4.359295190208786863e+00 8.052221346329381246e-01 3.054623162497327460e-01 9.908946268008940184e-01 -2.762512947893381449e-02 -1.828955088017260311e-01 6.563161836898143142e-02
1.358389193761432523e+02 2.953833370715780347e+03 8.829612157527415661e+01 6.446504327595582140e+01 4.798271496848052919e+01 3.244038739718871511e+01 1.652234410690456556e+01 8.271273781160491723e+00 4.716985564407956133e+00 1.365595439264435385e+00 8.681445550318249715e-01 1.544807335222854183e-01 1.648927629787070304e-01 -1.178685360382563697e-02 1.586637905582752653e-02
9.725318325553604382e+01 8.829612157527415661e+01 1.247086536987334512e+03 6.383245016934142058e+01 4.919601557262047464e+01 2.912939449193243036e+01 1.695277460985506224e+01 7.796767531427492237e+00 3.998376486556395992e+00 1.922525903429241456e+00 6.897840453687056339e-01 3.393084840215148668e-01 9.252015530149913791e-02 2.363416224707888189e-02 1.277627478296995862e-02
6.426513410070428733e+01 6.446504327595582140e+01 6.383245016934142058e+01 4.760681877986091308e+02 3.989673648943571749e+01 2.532662829770126578e+01 1.339672759358411902e+01 7.347371130209657153e+00 2.873220528588576794e+00 1.357304804476893834e+00 5.693266832367309682e-01 1.286713585360816092e-01 1.295260433224805496e-01 4.111120046837205694e-02 2.163596704120217609e-02
6.339922677827714637e+01 4.798271496848052919e+01 4.919601557262047464e+01 3.989673648943571749e+01 2.400684162677561631e+02 1.952560173268639332e+01 1.044420762173847983e+01 5.218765510087879811e+00 2.512914231029161005e+00 1.150105060195431905e+00 5.208940576697722591e-01 1.922829850060224499e-01 4.165609812881201218e-02 3.400282696824316608e-02 2.088741443473681684e-03
3.210759660918614600e+01 3.244038739718871511e+01 2.912939449193243036e+01 2.532662829770126578e+01 1.952560173268639332e+01 9.413249646502274004e+01 7.865203785395226355e+00 3.989880125765383312e+00 1.932135629561454904e+00 8.062152221871553559e-01 3.121803743497154615e-01 1.366431778885136561e-01 3.081547108692054768e-02 3.356322597255994439e-02 8.395061153562302300e-03
2.161830173550566414e+01 1.652234410690456556e+01 1.695277460985506224e+01 1.339672759358411902e+01 1.044420762173847983e+01 7.865203785395226355e+00 4.082813522424053332e+01 2.563623631673850767e+00 1.276996552568926635e+00 5.493985581111353600e-01 2.180795143475544040e-01 1.083250957459746949e-01 3.998218456697001655e-02 1.905472896567420374e-02 6.993825651333621107e-03
7.729269855992542126e+00 8.271273781160491723e+00 7.796767531427492237e+00 7.347371130209657153e+00 5.218765510087879811e+00 3.989880125765383312e+00 2.563623631673850767e+00 1.719364743074573809e+01 8.996664005676499043e-01 3.329900682390121713e-01 1.620403666306096668e-01 6.017723064138739281e-02 2.132109189522301412e-02 1.828167566885772685e-02 9.937479061153440749e-03
4.359295190208786863e+00 4.716985564407956133e+00 3.998376486556395992e+00 2.873220528588576794e+00 2.512914231029161005e+00 1.932135629561454904e+00 1.276996552568926635e+00 8.996664005676499043e-01 7.006209923102623804e+00 2.873600435348814819e-01 9.659401478061792334e-02 3.991568318272631366e-02 1.508451875197267499e-02 8.131908855304617254e-03 3.435705003751519330e-03
8.052221346329381246e-01 1.365595439264435385e+00 1.922525903429241456e+00 1.357304804476893834e+00 1.150105060195431905e+00 8.062152221871553559e-01 5.493985581111353600e-01 3.329900682390121713e-01 2.873600435348814819e-01 2.920025194114673095e+00 9.464297635317776847e-02 3.256982330955918853e-02 7.185037205008445137e-03 6.448139879507886092e-03 1.768370771808913449e-03
3.054623162497327460e-01 8.681445550318249715e-01 6.897840453687056339e-01 5.693266832367309682e-01 5.208940576697722591e-01 3.121803743497154615e-01 2.180795143475544040e-01 1.620403666306096668e-01 9.659401478061792334e-02 9.464297635317776847e-02 1.234822952907906890e+00 4.242745390458304428e-02 1.462958059485980344e-02 4.941294027815585493e-03 2.232850095672866964e-03
9.908946268008940184e-01 1.544807335222854183e-01 3.393084840215148668e-01 1.286713585360816092e-01 1.922829850060224499e-01 1.366431778885136561e-01 1.083250957459746949e-01 6.017723064138739281e-02 3.991568318272631366e-02 3.256982330955918853e-02 4.242745390458304428e-02 5.290051154678059309e-01 2.643443996259619427e-02 8.430380499635450539e-03 2.440646567719821115e-03
-2.762512947893381449e-02 1.648927629787070304e-01 9.252015530149913791e-02 1.295260433224805496e-01 4.165609812881201218e-02 3.081547108692054768e-02 3.998218456697001655e-02 2.132109189522301412e-02 1.508451875197267499e-02 7.185037205008445137e-03 1.462958059485980344e-02 2.643443996259619427e-02 2.376093950975018965e-01 1.883861074875415459e-02 5.480292205602147609e-03
-1.828955088017260311e-01 -1.178685360382563697e-02 2.363416224707888189e-02 4.111120046837205694e-02 3.400282696824316608e-02 3.356322597255994439e-02 1.905472896567420374e-02 1.828167566885772685e-02 8.131908855304617254e-03 6.448139879507886092e-03 4.941294027815585493e-03 8.430380499635450539e-03 1.883861074875415459e-02 1.182310420144732366e-01 1.603680209255068170e-02
6.563161836898143142e-02 1.586637905582752653e-02 1.277627478296995862e-02 2.163596704120217609e-02 2.088741443473681684e-03 8.395061153562302300e-03 6.993825651333621107e-03 9.937479061153440749e-03 3.435705003751519330e-03 1.768370771808913449e-03 2.232850095672866964e-03 2.440646567719821115e-03 5.480292205602147609e-03 1.603680209255068170e-02 6.386193176307333741e-02
