3.015559502868115032e+03 1.968828306212892088e+01 1.201583810738472202e+01 1.028779001257025705e+01 6.585192148719100302e+00 4.664749391241312715e+00 2.129639420769897207e+00 1.103339042202789999e+00 2.156808153724887600e-01 4.411937105033197221e-02 -4.168274894542049747e-02 -5.833230264371579328e-03 2.785758016447433677e-02 3.401909031341796702e-02 1.910965071724550490e-02
1.968828306212892088e+01 9.000594074047968434e+02 1.814086058996053907e+01 1.204632257463431344e+01 7.577813536419732543e+00 3.479034463825765755e+00 1.626648672364346515e+00 8.605308454219207093e-01 3.701873185676844979e-01 1.323298204405390643e-01 3.220739355585140740e-02 2.168172747428932789e-02 2.886700438697985260e-02 -1.206683256712616330e-02 4.301358889425063899e-03
1.201583810738472202e+01 1.814086058996053907e+01 3.341607528217736558e+02 1.037886251488522760e+01 6.751428560672498413e+00 3.120791479827747406e+00 1.697387727501416199e+00 8.298043063031824706e-01 3.760908611631206266e-01 9.208456144457111137e-02 7.282882207028450183e-02 4.679618297176948993e-02 1.248471503454648586e-02 1.215149645352720702e-03 -7.773514958206220564e-03
1.028779001257025705e+01 1.204632257463431344e+01 1.037886251488522760e+01 1.374378397764538704e+02 5.168456837798985681e+00 2.836192723503320412e+00 1.422088052678207371e+00 6.433819701037097882e-01 2.951416644503837006e-01 5.006368375763739498e-02 6.006746439260741283e-02 2.834644161007839058e-02 1.752207269634101575e-02 4.666674032877763875e-03 3.602116523238893444e-03
6.585192148719100302e+00 7.577813536419732543e+00 6.751428560672498413e+00 5.168456837798985681e+00 6.227192205057315988e+01 2.022041913736137175e+00 1.001305077952737710e+00 4.943563897501849214e-01 1.751883900679033212e-01 8.056382270046258398e-02 1.265401871968123079e-02 2.154514992572702584e-02 1.261721471471141318e-02 3.861374590501685192e-03 3.089962230489975981e-03
4.664749391241312715e+00 3.479034463825765755e+00 3.120791479827747406e+00 2.836192723503320412e+00 2.022041913736137175e+00 2.536664636208411849e+01 6.471857381677690313e-01 3.139298193280699589e-01 1.902345826361723780e-01 3.802682804927801780e-02 1.926069172379063499e-02 1.125888706773406356e-02 8.363917166601947525e-04 3.737084378212070929e-03 4.648145610692879523e-04
2.129639420769897207e+00 1.626648672364346515e+00 1.697387727501416199e+00 1.422088052678207371e+00 1.001305077952737710e+00 6.471857381677690313e-01 1.070419896430625073e+01 2.558998535054579637e-01 9.653760545249798208e-02 4.420648418617954128e-02 2.155018001142188985e-02 6.440458954273505301e-03 1.761944505638968726e-03 2.313033387504184486e-03 -3.798034047293595192e-04
1.103339042202789999e+00 8.605308454219207093e-01 8.298043063031824706e-01 6.433819701037097882e-01 4.943563897501849214e-01 3.139298193280699589e-01 2.558998535054579637e-01 4.444598514380611043e+00 9.795478190222389747e-02 2.201626399880600785e-02 1.208081623580730193e-02 3.904030400374173225e-03 3.253869511772388302e-03 1.128170164646416030e-03 -8.799396107626107806e-05
2.156808153724887600e-01 3.701873185676844979e-01 3.760908611631206266e-01 2.951416644503837006e-01 1.751883900679033212e-01 1.902345826361723780e-01 9.653760545249798208e-02 9.795478190222389747e-02 1.839038094839615223e+00 3.533827854379655020e-02 1.453946708093559192e-02 3.824791226210850527e-03 1.069480829460714563e-03 6.152873648622225267e-04 8.738359737317154827e-04
4.411937105033197221e-02 1.323298204405390643e-01 9.208456144457111137e-02 5.006368375763739498e-02 8.056382270046258398e-02 3.802682804927801780e-02 4.420648418617954128e-02 2.201626399880600785e-02 3.533827854379655020e-02 7.665420623375793774e-01 1.945723762817520505e-02 5.685744527858260094e-03 3.002378339727142676e-03 4.549868215331794811e-04 4.197282333420889410e-04
-4.168274894542049747e-02 3.220739355585140740e-02 7.282882207028450183e-02 6.006746439260741283e-02 1.265401871968123079e-02 1.926069172379063499e-02 2.155018001142188985e-02 1.208081623580730193e-02 1.453946708093559192e-02 1.945723762817520505e-02 3.250516138174558423e-01 8.937588918441156244e-03 2.405885587955083893e-03 7.315688739591362207e-04 3.447967667851123711e-04
-5.833230264371579328e-03 2.168172747428932789e-02 4.679618297176948993e-02 2.834644161007839058e-02 2.154514992572702584e-02 1.125888706773406356e-02 6.440458954273505301e-03 3.904030400374173225e-03 3.824791226210850527e-03 5.685744527858260094e-03 8.937588918441156244e-03 1.400644123219420556e-01 6.978654771984567351e-03 2.427654400272058564e-03 6.965782195109928221e-04
2.785758016447433677e-02 2.886700438697985260e-02 1.248471503454648586e-02 1.752207269634101575e-02 1.261721471471141318e-02 8.363917166601947525e-04 1.761944505638968726e-03 3.253869511772388302e-03 1.069480829460714563e-03 3.002378339727142676e-03 2.405885587955083893e-03 6.978654771984567351e-03 6.364147261045509374e-02 5.968176239851991950e-03 1.944186117104135508e-03
3.401909031341796702e-02 -1.206683256712616330e-02 1.215149645352720702e-03 4.666674032877763875e-03 3.861374590501685192e-03 3.737084378212070929e-03 2.313033387504184486e-03 1.128170164646416030e-03 6.152873648622225267e-04 4.549868215331794811e-04 7.315688739591362207e-04 2.427654400272058564e-03 5.968176239851991950e-03 3.233272412795798467e-02 4.951773607231123482e-03
1.910965071724550490e-02 4.301358889425063899e-03 -7.773514958206220564e-03 3.602116523238893444e-03 3.089962230489975981e-03 4.648145610692879523e-04 -3.798034047293595192e-04 -8.799396107626107806e-05 8.738359737317154827e-04 4.197282333420889410e-04 3.447967667851123711e-04 6.965782195109928221e-04 1.944186117104135508e-03 4.951773607231123482e-03 1.815653423098793212e-02
